image_width: 848
image_height: 480
camera_matrix:
  rows: 3
  cols: 3
  data:
  - 431.9059809771258
  - 0.0
  - 417.84388636651994
  - 0.0
  - 431.95838555231956
  - 240.5627474533962
  - 0.0
  - 0.0
  - 1.0
distortion_model: plumb_bob
distortion_coefficients:
  rows: 1
  cols: 5
  data:
  - -0.048640306173880155
  - 0.05170492370448959
  - -0.002143881254824824
  - 0.002258726160599739
  - -0.015800719198043704
fx: 431.9059809771258
fy: 431.95838555231956
cx: 417.84388636651994
cy: 240.5627474533962
reprojection_error_rms_px: 0.11286377037548974
num_views_used: 15
board:
  squares_x: 5
  squares_y: 7
  square_length: 0.028
  marker_length: 0.02
  dictionary: DICT_5X5_1000
